80
94
224
226
123
105
83
102
142
173
247
230
159
98
87
68
121
170
245
235
121
122
76
113
152
228
235
211
131
97
69
122
138
240
219
184
96
80
86
120
169
221
178
182
113
82
131
148
203
233
229
228
153
112
104
146
180
243
200
153
99
88
103
137
183
237
249
129
100
103
194
185
209
177
152
81
76
85
188
231
202
153
117
79
87
126
218
229
179
163
93
79
84
189
226
217
132
97
73
130
133
223
240
224
132
97
78
110
144
217
219
173
72
73
149
217
254
195
196
122
74
73
155
227
236
161
122
83
82
151
247
232
227
156
125
79
74
103
238
252
224
203
160
81
70
102
195
222
200
162
129
68
70
90
203
233
194
118
104
96
100
208
213
198
111
83
72
99
180
232
216
180
114
77
134
170
227
190
180
143
80
73
157
190
224
172
156
125
74
75
147
187
210
168
174
89
79
66
152
186
207
206
160
85
76
84
153
180
223
148
163
88
69
79
163
213
208
155
133
89
67
91
191
230
217
163
158
81
73
177
186
235
154
152
110
69
91
188
216
236
164
132
99
70
94
193
225
234
187
210
122
90
71
112
194
210
211
211
103
89
75
112
160
226
237
207
119
78
85
153
177
232
227
205
144
74
73
176
169
229
215
165
95
73
95
111
173
207
222
176
127
88
80
122
166
231
215
139
85
79
111
117
169
227
217
119
96
75
109
170
180
226
197
130
100
72
112
173
223
221
202
109
87
73
101
180
232
229
200
120
91
76
101
165
226
236
213
126
98
77
97
174
231
224
188
94
76
121
212
211
246
184
89
77
80
169
204
221
173
127
76
89
132
232
239
189
141
95
75
133
182
209
214
127
92
67
86
146
208
218
168
81
66
71
156
210
228
193
131
69
67
81
226
236
203
151
107
66
76
113
194
237
185
116
123
69
93
206
227
228
178
135
92
86
111
229
229
176
101
98
65
107
154
226
224
183
101
81
87
129
182
221
213
133
81
67
126
184
229
201
161
83
72
77
193
232
225
188
148
75
71
71
206
224
209
167
132
77
68
134
189
219
183
179
143
77
70
127
171
214
206
182
151
82
62
133
198
205
193
184
118
66
67
177
222
210
144
104
68
93
149
234
236
199
101
88
91
127
172
222
208
189
88
70
104
157
206
227
206
101
90
66
113
156
181
223
188
134
96
69
116
124
209
219
218
112
98
79
77
118
213
219
206
116
82
69
142
136
225
220
189
108
76
118
169
215
211
204
151
99
74
109
189
201
196
195
125
92
73
127
184
233
205
190
105
85
71
106
173
193
207
191
77
82
72
144
158
239
218
190
82
71
66
141
170
216
207
158
69
76
67
161
211
232
192
123
73
68
199
175
226
162
101
112
73
101
189
212
223
143
155
78
67
71
152
199
223
186
149
91
75
67
167
172
206
190
157
90
70
71
114
165
229
211
160
89
78
71
156
156
225
215
184
109
82
73
127
167
203
224
210
98
94
78
127
180
228
219
203
93
77
71
108
155
224
206
129
97
70
113
126
187
224
196
128
94
79
84
111
228
225
223
143
101
97
65
83
200
211
222
139
107
89
71
81
174
212
229
163
119
67
71
104
195
222
224
178
131
66
72
146
223
221
191
155
109
102
120
209
217
207
139
84
65
126
148
213
205
163
71
73
68
191
202
179
178
101
69
75
157
221
210
145
120
79
99
149
216
232
210
103
101
75
79
117
212
228
206
103
105
74
88
136
205
213
191
110
83
90
114
167
225
216
183
81
79
79
135
167
216
189
172
94
76
90
150
179
215
176
143
106
75
91
140
195
213
204
125
90
79
110
109
216
223
219
133
108
80
96
132
219
217
206
95
95
72
74
149
224
230
195
106
77
77
141
173
215
205
176
69
73
78
132
177
218
223
128
89
70
143
153
231
225
147
68
63
70
180
213
212
164
117
64
86
148
214
217
123
99
82
72
112
177
214
197
128
71
72
82
170
222
222
184
80
71
72
163
208
214
187
149
85
71
76
174
221
208
178
123
71
80
115
126
188
221
193
147
70
82
158
184
223
130
138
85
68
92
210
216
180
116
78
76
129
177
215
191
144
106
83
163
174
213
208
185
97
72
67
154
191
212
179
131
111
84
73
97
138
208
222
195
93
95
68
127
131
202
208
208
117
91
75
115
152
210
207
184
78
83
83
112
178
209
186
150
83
71
107
158
198
171
152
102
69
68
142
187
218
205
153
90
74
64
154
164
209
200
178
103
80
69
127
156
212
214
191
97
94
68
138
139
213
209
191
131
106
79
73
121
204
218
179
117
76
73
87
139
211
210
213
129
101
69
108
133
213
214
201
186
146
85
65
81
173
186
200
171
125
75
70
98
184
198
196
158
117
69
67
164
192
217
202
169
133
70
65
124
174
217
207
164
87
87
72
93
134
174
219
196
111
88
71
132
130
194
217
212
159
145
90
95
101
194
220
215
120
77
66
130
166
213
211
172
97
74
78
138
170
207
165
135
69
75
161
192
221
159
147
107
68
120
210
215
186
140
88
72
135
160
216
199
141
109
85
82
111
149
223
200
135
109
89
79
67
144
213
212
149
114
80
101
131
182
217
194
149
109
69
110
138
218
212
192
128
100
77
148
162
218
192
187
111
77
68
149
197
207
188
160
98
74
94
190
166
215
195
168
73
69
136
198
223
154
137
70
67
96
183
210
213
151
119
73
73
97
200
211
209
143
97
69
89
139
202
221
180
132
100
83
86
131
203
215
173
139
103
68
71
202
195
214
173
111
87
76
141
210
222
194
121
76
67
140
187
207
184
136
64
67
154
185
214
188
164
92
69
71
186
207
214
148
