930
853
775
740
967
434
442
442
473
549
587
911
930
885
674
676
450
408
401
352
336
363
338
320
465
443
500
410
348
594
481
623
647
686
831
904
620
959
932
947
847
766
639
520
459
457
516
458
345
632
327
298
323
623
369
379
412
516
731
648
688
656
637
573
602
703
833
701
887
933
939
957
937
945
605
839
861
785
880
545
368
717
475
644
368
307
310
298
327
487
395
344
411
398
515
699
546
710
836
880
914
906
785
939
901
952
418
572
854
884
371
397
561
546
645
658
729
605
867
859
868
859
604
728
857
829
770
796
810
689
672
714
545
571
546
597
409
414
335
343
337
428
304
292
517
293
291
341
325
299
335
331
467
447
529
555
560
546
814
734
746
859
840
778
712
701
800
695
589
614
558
532
480
399
401
386
289
303
321
307
312
569
563
634
624
584
589
490
561
666
852
874
814
775
837
839
704
622
598
445
481
476
344
390
350
289
291
281
296
314
321
299
295
346
363
363
609
535
573
696
716
722
898
879
903
832
838
850
688
629
718
721
631
453
486
466
326
334
356
288
302
293
293
307
290
297
314
293
297
353
302
539
594
607
685
692
706
849
845
832
837
890
732
779
763
561
580
566
402
372
469
313
288
298
329
331
303
369
367
329
546
478
543
801
786
797
876
872
854
843
869
709
711
701
568
553
587
362
436
404
418
449
431
323
314
330
310
624
304
294
314
314
425
323
563
538
525
790
777
735
857
873
880
873
886
740
742
708
655
498
510
460
368
401
331
307
285
301
287
295
290
505
609
569
657
730
597
772
780
846
902
803
771
769
729
520
541
504
407
389
389
330
324
297
277
276
292
342
345
429
484
485
700
749
752
869
841
868
841
816
718
528
643
597
401
414
433
385
352
370
283
282
304
333
321
297
400
450
678
664
567
825
770
791
849
856
769
855
858
868
827
797
785
594
624
536
495
590
574
373
359
355
315
355
286
283
296
371
405
401
566
609
544
782
781
820
876
886
851
811
762
739
701
629
659
444
410
404
307
308
306
320
339
546
515
419
421
576
661
816
787
813
877
891
817
843
746
734
535
520
568
436
426
453
317
317
346
306
333
287
296
288
405
313
713
622
626
674
292
280
301
868
870
872
454
413
475
346
373
345
294
290
292
447
373
652
695
621
632
613
714
853
863
909
892
902
845
707
729
734
636
693
665
502
570
556
368
354
321
294
285
303
269
284
424
575
650
482
591
519
781
832
779
854
850
846
864
817
762
576
541
492
408
407
464
344
401
408
291
324
365
291
287
282
312
448
457
464
404
662
656
719
764
913
748
843
866
864
876
787
828
780
690
733
497
493
480
469
396
294
283
303
301
287
297
335
311
313
563
602
628
733
679
700
838
821
866
846
792
806
727
656
699
438
431
342
330
337
316
290
298
285
295
288
399
419
409
538
463
580
783
763
705
740
682
757
906
870
881
863
790
853
591
755
511
487
474
481
463
531
395
416
370
292
288
276
294
372
315
418
399
366
591
638
657
784
749
779
848
844
745
811
834
690
713
684
530
563
574
326
292
360
298
303
306
322
344
291
361
393
364
645
660
678
787
731
837
874
876
853
853
868
771
733
717
469
417
408
330
335
403
292
310
314
304
323
317
335
358
406
473
544
505
700
733
871
840
851
867
861
786
666
756
683
728
625
692
430
413
419
343
335
333
291
282
303
288
291
296
494
602
601
522
488
503
883
867
871
823
807
349
333
271
564
735
640
836
803
795
527
515
450
317
316
335
290
279
295
370
376
491
461
471
711
749
730
823
777
730
846
882
893
782
806
808
572
569
531
499
427
442
341
334
352
280
287
311
313
285
421
494
370
564
558
527
736
751
665
859
795
857
828
814
826
748
771
750
617
583
606
462
564
544
352
314
325
320
318
275
284
296
330
346
339
599
607
673
646
800
885
842
843
826
504
540
541
456
447
519
342
341
271
283
275
297
321
311
473
429
447
636
636
662
827
849
837
839
843
847
655
595
601
640
611
630
488
459
360
332
340
291
291
287
307
298
289
396
436
443
681
749
727
857
865
837
814
840
841
709
665
637
415
443
428
289
337
286
267
272
299
287
317
488
494
448
660
643
539
736
870
729
847
840
864
752
717
715
561
595
578
410
491
365
401
414
296
286
310
283
285
266
281
376
287
463
422
313
643
489
477
760
740
690
777
824
830
820
816
819
712
758
641
610
596
405
368
399
328
328
342
281
289
271
331
303
280
347
358
357
600
609
558
730
753
773
817
859
834
817
819
724
805
736
498
452
482
547
531
533
365
343
336
276
283
285
289
289
294
401
366
322
433
601
402
644
502
789
886
877
839
854
849
748
736
736
658
555
544
443
356
483
315
346
355
340
287
295
285
305
278
450
403
612
684
695
810
827
829
857
842
842
595
684
693
568
583
533
397
346
349
302
286
322
278
279
265
303
290
516
536
602
652
568
561
757
704
754
834
811
782
831
839
850
678
778
710
596
577
575
374
380
383
325
316
313
285
270
377
346
373
520
523
555
532
504
533
803
762
722
823
796
847
844
838
836
702
654
705
572
503
490
396
401
299
268
267
271
273
280
318
336
290
371
368
385
675
713
769
704
702
701
791
787
787
780
778
776
732
675
740
550
533
390
384
413
293
310
303
272
282
281
279
287
289
409
321
350
537
526
611
713
767
768
824
842
848
806
868
797
739
561
433
499
574
483
470
453
330
306
314
279
308
357
326
307
299
402
352
403
572
538
618
665
696
784
809
807
795
751
829
816
601
829
632
562
595
436
416
374
263
270
283
292
289
309
368
380
436
607
626
528
805
763
835
854
842
812
782
784
629
585
597
436
386
382
318
309
307
283
272
292
308
275
294
477
442
509
737
757
855
850
816
859
839
836
707
695
676
618
569
564
430
424
456
380
345
384
282
277
308
277
288
290
467
386
339
526
448
697
671
740
833
843
823
836
806
803
825
719
732
506
492
512
361
384
388
273
272
291
293
272
273
330
325
629
627
687
708
749
748
855
846
845
739
748
751
669
564
582
390
367
378
275
307
294
265
285
287
346
405
395
543
574
784
750
813
866
832
822
847
796
769
581
508
533
405
419
423
322
295
312
268
263
284
300
317
369
389
380
649
625
529
793
815
809
843
816
796
596
635
588
493
470
435
323
334
338
279
278
312
282
271
283
321
341
342
550
569
754
750
802
866
816
849
735
799
756
666
620
722
476
533
366
480
428
413
453
413
409
276
269
268
476
321
310
288
307
505
399
285
602
702
698
821
799
806
567
761
729
666
681
729
570
558
591
467
491
533
377
330
282
277
265
285
590
329
575
585
514
655
702
731
844
829
843
803
850
847
723
706
703
591
566
597
406
431
433
320
320
275
411
279
290
274
272
299
305
297
373
372
395
538
549
549
722
699
728
827
843
852
853
846
861
728
764
632
632
641
453
466
479
296
288
272
265
287
297
266
279
262
279
268
293
301
269
281
338
336
345
487
467
446
664
635
772
794
791
847
837
813
834
835
832
701
663
679
531
558
549
391
373
376
291
298
300
280
273
269
303
309
493
477
415
613
615
626
802
816
834
857
860
861
824
802
767
517
577
544
513
506
487
303
283
279
292
291
275
293
283
375
346
366
636
624
658
812
809
831
841
808
849
777
781
788
645
679
628
461
457
494
368
378
387
300
287
269
274
277
307
313
297
456
481
444
675
687
729
849
868
849
865
845
839
794
807
789
659
635
619
457
514
347
348
338
276
263
279
271
280
284
349
335
368
620
601
614
792
767
770
850
869
872
792
826
813
671
675
670
516
515
370
368
338
281
295
268
276
264
268
325
296
308
546
558
580
584
598
582
743
771
709
867
851
871
842
840
765
809
808
585
565
596
445
428
481
395
319
404
271
558
352
279
304
296
275
269
266
313
306
328
430
436
458
719
709
824
843
859
847
860
841
806
802
808
678
670
650
466
459
479
359
364
331
275
282
286
274
301
287
362
354
615
627
613
843
850
857
853
866
846
721
767
773
613
590
671
487
472
456
326
330
301
270
269
277
311
328
269
400
403
581
597
606
790
788
760
844
855
863
803
808
788
606
580
592
572
610
590
446
419
415
317
311
302
266
281
358
366
341
487
563
615
769
773
776
845
859
859
816
797
732
607
629
666
509
443
463
317
317
313
275
278
346
404
378
411
434
368
638
640
635
831
818
848
849
836
816
660
617
653
461
485
440
310
342
321
272
275
283
277
279
505
506
430
682
674
679
793
801
781
860
856
857
816
816
804
714
789
797
563
516
531
562
528
524
347
367
297
298
317
276
276
270
335
356
346
557
528
481
676
625
618
796
763
728
834
837
819
847
846
853
805
800
777
637
719
514
552
491
371
388
347
278
266
273
320
306
304
459
430
494
827
791
784
814
806
795
862
859
856
816
725
666
748
669
470
538
389
286
292
304
275
268
266
311
289
376
466
566
563
644
710
725
787
748
749
619
572
488
294
276
476
574
544
736
762
754
835
846
812
809
767
746
647
664
645
478
477
478
301
300
287
284
266
294
355
335
495
422
483
757
763
793
814
767
678
856
863
836
732
753
721
594
654
675
521
615
634
520
516
540
419
389
267
281
274
282
294
281
312
292
272
397
440
408
669
719
736
841
828
779
852
832
820
801
800
780
717
793
860
751
778
738
735
707
654
600
544
516
524
579
561
475
456
331
345
331
281
275
290
292
321
267
466
531
441
533
459
639
616
597
824
833
852
861
827
847
788
830
827
842
843
837
745
807
721
539
527
577
432
457
497
381
339
288
266
275
262
258
265
279
295
272
363
338
308
533
658
477
614
602
757
722
815
819
820
777
731
688
760
778
567
563
390
400
389
321
284
313
259
273
272
345
371
385
638
613
574
739
739
685
815
872
863
868
834
795
680
760
729
582
617
409
427
428
311
275
260
352
350
342
411
380
325
493
448
461
709
714
686
819
771
866
805
804
820
649
594
533
453
470
344
371
499
290
297
264
265
274
284
369
288
284
464
499
447
516
425
523
763
742
626
612
534
859
733
775
840
848
857
825
847
826
771
846
754
690
768
757
525
613
753
485
403
464
318
352
419
335
293
281
309
269
262
263
261
291
314
310
359
381
410
571
456
502
781
754
734
765
744
827
778
740
700
428
635
793
381
372
405
424
461
299
291
340
274
265
264
254
265
270
593
545
430
773
635
716
782
731
640
831
871
809
799
858
826
766
683
659
676
705
429
417
488
351
426
355
278
335
427
280
368
301
263
348
393
514
655
614
731
732
743
836
822
787
835
822
660
705
780
669
587
583
389
394
375
281
263
267
277
251
281
293
300
301
337
349
396
656
573
434
730
779
831
854
856
831
743
789
700
621
592
449
399
431
281
282
288
258
256
255
299
290
354
557
562
573
757
611
757
799
834
844
839
828
709
673
761
585
594
602
376
415
525
425
469
445
298
289
298
258
266
269
313
283
609
595
613
733
734
700
796
781
788
800
819
801
834
833
777
829
845
838
690
784
773
637
714
759
507
628
620
400
413
395
383
387
269
275
273
279
272
277
303
278
302
457
505
539
679
623
615
738
698
729
844
852
855
824
791
705
730
687
520
449
527
391
368
390
278
315
308
258
270
269
260
276
294
313
276
256
460
662
502
695
740
753
746
774
661
638
861
776
723
696
657
665
630
583
559
551
366
370
365
275
269
279
277
278
286
358
297
304
454
414
681
648
619
792
804
834
848
834
869
860
817
841
731
760
734
618
677
604
442
461
502
303
284
299
252
263
277
279
305
364
325
308
621
541
467
636
759
715
816
797
817
834
826
805
827
835
817
624
553
601
389
354
503
302
341
299
302
322
257
283
261
291
325
311
360
370
418
687
479
575
520
548
629
776
801
834
851
749
728
840
828
660
715
770
778
797
841
665
681
627
460
478
478
340
442
378
283
287
276
264
258
261
306
337
372
502
513
545
701
667
850
847
835
802
858
812
648
680
637
617
651
645
456
539
626
481
470
471
353
361
338
271
323
269
297
263
395
403
423
502
517
449
613
570
564
781
803
752
809
800
813
827
834
860
747
722
685
545
590
551
537
555
649
444
399
270
254
277
277
267
264
354
333
311
571
579
621
615
516
584
720
549
701
816
843
835
620
766
724
472
518
313
419
471
328
377
313
268
391
406
294
308
323
275
374
275
271
270
263
398
345
479
462
479
431
677
765
739
830
850
807
785
848
722
781
827
693
733
707
593
711
584
441
548
578
393
382
343
273
319
277
305
278
306
332
320
483
402
485
688
528
681
571
513
659
818
834
804
525
690
689
570
729
755
470
463
391
275
267
276
261
293
354
358
333
554
563
466
545
426
506
433
505
432
826
815
801
818
809
825
598
686
692
555
482
467
284
272
263
271
259
288
377
391
480
468
457
690
677
694
837
785
811
769
793
773
568
616
668
439
389
509
369
337
354
312
293
255
267
249
322
324
364
600
633
519
660
609
550
700
700
573
735
773
805
798
770
814
819
808
810
730
766
677
656
490
405
485
532
415
414
442
392
448
416
296
291
387
271
305
335
276
259
248
263
269
255
296
307
303
505
433
683
610
745
602
558
701
831
827
821
675
698
763
605
556
615
469
481
478
290
328
299
259
255
267
251
242
245
293
307
435
479
420
678
635
612
732
834
772
853
816
770
675
695
521
447
461
524
324
288
266
285
235
248
256
257
303
299
265
418
286
434
705
701
707
771
699
650
811
825
806
829
821
825
776
800
812
704
723
654
483
430
324
283
371
295
269
263
305
270
258
330
339
414
632
